1
5831237301
5746403289
2176141495
5775016590
6135107261
1943438561
1672384324
6020194584
3975004458
1910672761

2
5268190353
5889340522
5540452645
1972922775
3628359543
1876156855
5492426286
3300825167
2252269625
6868093716

3
5963379099
5943189042
5844376090
5966662283
1989260532
5854145270
5808070209
5279748872
3161617794
2664698037

4
2828741892
3214962651
5414748091
3816728284
5305548014
2311680074
2241779424
2912392657
5341832954
1811893237

5
6239906215
3699684110
1657549603
1789505151
5399384357
3243232665
1782536741
1890196401
2107546554
3230974202

6
6013906972
2076854653
5966770936
5710804425
5600307412
2285119444
2304008824
3602763535
5055034462
5586965954

7
5587463354
2008699567
5904330574
1140554177
1875171015
5334793172
5490326028
1858002662
1619309771
5710620661

8
2258838562
3211798100
5584121673
5581586367
2217691954
5716984253
5684068844
5992962331
6239906215
1634447625

9
5295195886
2345769350
2668260863
1310630777
3162952050
6556239146
5496700255
6058108621
6166217942
5868337922

10
6007443584
1448224822
3628256035
5394255860
2430266067
2085966565
2818435142
3128027813
5456396309
3756230210
